46.02
46.05
46.07
46.10
46.26
46.64
46.72
46.75
44.78
43.95
45.03
47.41
47.53
47.54
47.53
47.55
47.67
47.84
47.80
47.82
47.82
47.78
47.85
47.76
47.78
48.99
49.49
48.04
48.55
48.74
48.79
48.82
48.87
48.94
49.08
49.39
49.49
49.56
49.63
49.72
49.97
50.36
50.46
50.54
50.62
50.70
50.88
51.24
51.39
51.51
51.79
55.58
52.98
53.85
54.77
58.32
53.77
53.85
54.31
57.08
58.32
55.00
55.99
44.45
43.96
43.95
43.99
43.95
44.03
44.07
44.11
44.31
44.41
44.44
44.46
44.52
44.62
44.93
44.99
45.04
45.08
45.12
45.24
45.57
45.62
45.64
45.68
45.69
45.78
45.94
46.03
46.03
46.04
46.07
46.16
46.41
46.52
46.62
46.66
46.72